
traffic.test.length <- 26
traffic.test <- matrix(,traffic.test.length, traffic.data.numlinvar.out + traffic.data.numlinvar.in )

traffic.test[0,]  <- c( 0.1, 0, 0, 150 )
traffic.test[1,] <- c( 7.5, 0, 0, 150 )
traffic.test[2,] <- c( 0, 1.0, 0, 0 )
traffic.test[3,] <- c( 0, 66.0, 0, 0)
traffic.test[4,] <- c( 0, 120.0, 0, 0)
traffic.test[5,] <- c( 0, 0, 1.0, 0 )
traffic.test[6,] <- c( 0, 0, 36.0, 0 )
traffic.test[7,] <- c( 0, 0, 96.0, 0 )
traffic.test[8,] <- c( 0, 0, 150, 0  )
traffic.test[9,] <- c( 0, 0, 0, 0  )
traffic.test[10,] <- c( 0.5, 1.0, 0, 70  )
traffic.test[11,] <- c( 0.5, 45.0, 0, 50 )
traffic.test[12,] <- c( 0.5, 100, 0, 50 )
traffic.test[13,] <- c( 0.5, 0, 1.0, 115  )
traffic.test[14,] <- c( 0.5, 0, 5.0, 83   )
traffic.test[15,] <- c( 0.5, 0, 65.0, 50 )
traffic.test[16,] <- c( 0.5, 0, 85.0, 50 )
traffic.test[17,]  <- c( 0, 1.0, 0, 10 )
traffic.test[18,]  <- c( 0.1, 1.0, 0, 15  )
traffic.test[19,]  <- c( 0.2, 1.0, 0, 20  )
traffic.test[20,]  <- c( 0.4, 1.0, 0, 56  )
traffic.test[21,]  <- c( 0.7, 1.0, 0, 98  )
traffic.test[22,]  <- c( 2.0, 1.0, 0, 150 )
traffic.test[23,]  <- c( 8.0, 1.0, 0, 150 )
traffic.test[24,]  <- c( 1.0, 5.0, 0, 100 )
traffic.test[25,]  <- c( 2.0, 5.0, 0, 100 )
traffic.test[26,]  <- c( 8.0, 5.0, 0, 100 )
